,0
0,99.19306945800781
1,97.44184875488281
2,99.82036590576172
3,99.44927215576172
4,99.72366333007812
5,98.19490051269531
6,99.91569519042969
7,99.94546508789062
8,79.67493438720703
9,97.81358337402344
10,89.89250946044922
11,73.43742370605469
12,76.22425842285156
13,99.47926330566406
14,99.58596801757812
15,74.19983673095703
16,99.4037857055664
17,97.37992095947266
18,86.23023223876953
19,98.99225616455078
20,52.219032287597656
21,96.50667572021484
22,98.11711883544922
23,92.86457061767578
24,89.94596862792969
25,99.79315185546875
26,99.34515380859375
27,98.23030853271484
28,85.67350006103516
29,97.40900421142578
30,72.33663940429688
31,2.1048812866210938
32,95.2414779663086
33,98.74603271484375
34,98.07966613769531
35,97.3954849243164
36,99.91584777832031
37,89.10943603515625
38,38.65299987792969
39,95.91539764404297
40,84.00942993164062
41,93.56399536132812
42,99.73793029785156
43,91.4148178100586
44,99.9822006225586
45,9.084564208984375
46,96.87765502929688
47,76.2975082397461
48,95.76696014404297
49,99.9209976196289
50,98.38459014892578
51,96.1155014038086
52,89.71409606933594
53,92.95529174804688
54,99.67491912841797
55,90.95905303955078
56,99.81309509277344
57,99.76692199707031
58,70.80131530761719
59,57.58100891113281
60,99.83476257324219
61,97.27879333496094
62,85.94810485839844
63,98.67430114746094
64,97.2783432006836
65,99.8453369140625
66,99.9953842163086
67,99.26031494140625
68,98.20851135253906
69,99.64323425292969
70,99.95757293701172
71,99.79486083984375
72,99.37638092041016
73,95.65448760986328
74,99.4251937866211
75,62.43107986450195
76,99.35966491699219
77,95.34280395507812
78,97.84673309326172
79,33.314300537109375
80,94.98240661621094
81,63.161624908447266
82,84.17253112792969
83,87.73619079589844
84,66.69020080566406
85,97.12279510498047
86,77.7315444946289
87,89.84284210205078
88,97.50476837158203
89,93.41716766357422
90,96.30860137939453
91,94.52845764160156
92,4.191276550292969
93,40.802268981933594
94,99.7325210571289
95,99.47330474853516
96,97.60256958007812
97,99.94459533691406
98,99.68571472167969
99,85.41925811767578
100,91.62013244628906
101,96.22280883789062
102,92.39312744140625
103,96.920166015625
104,85.479736328125
105,97.66983032226562
106,99.80017852783203
107,98.43596649169922
108,56.31000518798828
109,88.86063385009766
110,51.10652542114258
111,97.8575439453125
112,79.12421417236328
113,95.60116577148438
114,96.83605194091797
115,99.71873474121094
116,65.644775390625
117,92.95130157470703
118,75.85395050048828
119,80.22792053222656
120,99.7798080444336
121,99.90674591064453
122,71.42475128173828
123,97.31578063964844
124,98.665771484375
125,87.5562515258789
126,99.55935668945312
127,99.54878234863281
128,93.41051483154297
129,99.98505401611328
130,99.8162841796875
131,95.36719512939453
132,99.50314331054688
133,21.562210083007812
134,97.88597106933594
135,97.60844421386719
136,99.81375885009766
137,98.39086151123047
138,99.16704559326172
139,73.98529052734375
