,0
0,1.4796829223632812
1,5.003448486328125
2,51.30156326293945
3,0.643463134765625
4,5.350067138671875
5,0.5537872314453125
6,62.790287017822266
7,1.3087844848632812
8,10.927452087402344
9,8.571372985839844
10,90.36869049072266
11,6.965171813964844
12,5.5582427978515625
13,3.7695083618164062
14,3.7382278442382812
15,86.38188171386719
16,77.67977905273438
17,82.79365539550781
18,31.34349822998047
19,5.3474884033203125
20,98.16925811767578
21,1.8282852172851562
22,10.904373168945312
23,52.77857208251953
24,11.204513549804688
25,4.455207824707031
26,77.0855712890625
27,28.98888397216797
28,74.18898010253906
29,1.89398193359375
30,76.3766098022461
31,63.895790100097656
32,19.667160034179688
33,1.3706512451171875
34,4.657318115234375
35,53.15085220336914
36,0.807586669921875
37,9.785720825195312
38,1.0392684936523438
39,19.539962768554688
40,5.873039245605469
41,55.662227630615234
42,84.08109283447266
43,11.975784301757812
44,13.694511413574219
45,34.9281005859375
46,10.75958251953125
47,71.51435852050781
48,0.9735260009765625
49,1.3823699951171875
50,1.1065216064453125
51,51.085113525390625
52,2.2425537109375
53,12.679962158203125
54,3.176025390625
55,2.469818115234375
56,0.03446197509765625
57,79.40548706054688
58,6.34368896484375
59,19.10565185546875
60,8.342864990234375
61,4.363258361816406
62,18.69432830810547
63,5.7436065673828125
64,96.60111999511719
65,0.4575347900390625
66,18.33423614501953
67,5.48236083984375
68,5.903587341308594
69,15.66748046875
70,70.9114761352539
71,9.847480773925781
72,51.78060531616211
73,13.703170776367188
74,66.63555908203125
75,3.819427490234375
76,1.5416412353515625
77,20.667091369628906
78,4.278282165527344
79,91.21189880371094
80,0.9027023315429688
81,51.358516693115234
82,1.4392318725585938
83,1.6421585083007812
84,1.9076156616210938
85,7.7991180419921875
86,0.8269882202148438
87,0.9291000366210938
88,15.368919372558594
89,1.4840545654296875
90,83.1953353881836
91,20.529823303222656
92,14.231636047363281
93,2.20562744140625
94,69.22705078125
95,19.798431396484375
96,4.028007507324219
97,0.778594970703125
98,27.380943298339844
99,1.905181884765625
100,1.4490203857421875
101,7.308860778808594
102,26.37853240966797
103,12.023773193359375
104,98.84713745117188
105,0.456451416015625
106,3.3806991577148438
107,2.395599365234375
108,51.26893615722656
109,0.3019866943359375
110,3.359588623046875
111,78.02263641357422
112,55.93666458129883
113,5.7028656005859375
114,8.794418334960938
115,81.96137237548828
116,83.58154296875
117,1.4731903076171875
118,1.26397705078125
119,1.8703231811523438
120,22.191238403320312
121,19.72198486328125
122,13.184112548828125
123,82.93444061279297
124,1.4422988891601562
125,3.7781753540039062
126,70.35676574707031
127,72.33295440673828
128,3.511444091796875
129,34.980613708496094
130,81.06806945800781
131,3.395751953125
132,46.190452575683594
133,0.9231185913085938
134,1.4864349365234375
135,50.65144729614258
136,5.2319488525390625
137,88.1980972290039
138,16.489639282226562
139,1.5180435180664062
