,0
0,51.30156326293945
1,62.790287017822266
2,90.36869049072266
3,86.38188171386719
4,77.67977905273438
5,82.79365539550781
6,98.16925811767578
7,52.77857208251953
8,77.0855712890625
9,74.18898010253906
10,76.3766098022461
11,63.895790100097656
12,53.15085220336914
13,55.662227630615234
14,84.08109283447266
15,71.51435852050781
16,51.085113525390625
17,79.40548706054688
18,96.60111999511719
19,70.9114761352539
20,51.78060531616211
21,66.63555908203125
22,91.21189880371094
23,51.358516693115234
24,83.1953353881836
25,69.22705078125
26,98.84713745117188
27,51.26893615722656
28,78.02263641357422
29,55.93666458129883
30,81.96137237548828
31,83.58154296875
32,82.93444061279297
33,70.35676574707031
34,72.33295440673828
35,81.06806945800781
36,50.65144729614258
37,88.1980972290039
